"VVVV" "KK" "lkm" "syntymakuukausi" "n" "pct" "proportion"
"1" 1983 1 5427 "1-3" 66892 0.0811307779704599 0.249476768522394
"2" 1983 2 5126 "1-3" 66892 0.0766309872630509 0.249476768522394
"3" 1983 3 6135 "1-3" 66892 0.0917150032888836 0.249476768522394
"4" 1983 4 5945 "4-6" 66892 0.0888746038390241 0.262707050170424
"5" 1983 5 5915 "4-6" 66892 0.0884261197153621 0.262707050170424
"6" 1983 6 5713 "4-6" 66892 0.0854063266160378 0.262707050170424
"7" 1983 7 5729 "7-9" 66892 0.0856455181486575 0.253572923518507
"8" 1983 8 5634 "7-9" 66892 0.0842253184237278 0.253572923518507
"9" 1983 9 5599 "7-9" 66892 0.0837020869461221 0.253572923518507
"10" 1983 10 5327 "10-12" 66892 0.0796358308915864 0.234243257788674
"11" 1983 11 5150 "10-12" 66892 0.0769897745619805 0.234243257788674
"12" 1983 12 5192 "10-12" 66892 0.0776176523351073 0.234243257788674
"13" 1984 1 5274 "1-3" 65076 0.0810437027475567 0.255347593582888
"14" 1984 2 5401 "1-3" 65076 0.0829952670723462 0.255347593582888
"15" 1984 3 5942 "1-3" 65076 0.0913086237629848 0.255347593582888
"16" 1984 4 5622 "4-6" 65076 0.0863912963304444 0.25677669186797
"17" 1984 5 5665 "4-6" 65076 0.087052062204192 0.25677669186797
"18" 1984 6 5423 "4-6" 65076 0.0833333333333333 0.25677669186797
"19" 1984 7 5533 "7-9" 65076 0.0850236646382691 0.252166697399963
"20" 1984 8 5559 "7-9" 65076 0.085423197492163 0.252166697399963
"21" 1984 9 5318 "7-9" 65076 0.081719835269531 0.252166697399963
"22" 1984 10 5404 "10-12" 65076 0.0830413670170262 0.235709017149179
"23" 1984 11 5051 "10-12" 65076 0.0776169401930051 0.235709017149179
"24" 1984 12 4884 "10-12" 65076 0.0750507099391481 0.235709017149179
"25" 1985 1 5359 "1-3" 62796 0.0853398305624562 0.253009745843684
"26" 1985 2 4723 "1-3" 62796 0.0752117969297408 0.253009745843684
"27" 1985 3 5806 "1-3" 62796 0.0924581183514874 0.253009745843684
"28" 1985 4 5679 "4-6" 62796 0.090435696541181 0.261831963819352
"29" 1985 5 5504 "4-6" 62796 0.0876488948340659 0.261831963819352
"30" 1985 6 5259 "4-6" 62796 0.0837473724441047 0.261831963819352
"31" 1985 7 5362 "7-9" 62796 0.0853876043060068 0.252452385502261
"32" 1985 8 5236 "7-9" 62796 0.0833811070768839 0.252452385502261
"33" 1985 9 5255 "7-9" 62796 0.0836836741193707 0.252452385502261
"34" 1985 10 4928 "10-12" 62796 0.0784763360723613 0.232705904834703
"35" 1985 11 4603 "10-12" 62796 0.073300847187719 0.232705904834703
"36" 1985 12 5082 "10-12" 62796 0.0809287215746226 0.232705904834703
"37" 1986 1 5054 "1-3" 60632 0.0833553239213617 0.252309011742974
"38" 1986 2 4704 "1-3" 60632 0.0775827945639266 0.252309011742974
"39" 1986 3 5540 "1-3" 60632 0.0913708932576857 0.252309011742974
"40" 1986 4 5435 "4-6" 60632 0.0896391344504552 0.260868848132999
"41" 1986 5 5246 "4-6" 60632 0.0865219685974403 0.260868848132999
"42" 1986 6 5136 "4-6" 60632 0.0847077450851036 0.260868848132999
"43" 1986 7 5232 "7-9" 60632 0.0862910674231429 0.254815938778203
"44" 1986 8 5138 "7-9" 60632 0.0847407309671461 0.254815938778203
"45" 1986 9 5080 "7-9" 60632 0.083784140387914 0.254815938778203
"46" 1986 10 4958 "10-12" 60632 0.0817720015833223 0.232006201345824
"47" 1986 11 4426 "10-12" 60632 0.0729977569600211 0.232006201345824
"48" 1986 12 4683 "10-12" 60632 0.0772364428024805 0.232006201345824
"49" 1987 1 4803 "1-3" 59827 0.080281478262323 0.245808748558343
"50" 1987 2 4456 "1-3" 59827 0.074481421431795 0.245808748558343
"51" 1987 3 5447 "1-3" 59827 0.0910458488642252 0.245808748558343
"52" 1987 4 5384 "4-6" 59827 0.0899928126096913 0.262874621826266
"53" 1987 5 5172 "4-6" 59827 0.0864492620388788 0.262874621826266
"54" 1987 6 5171 "4-6" 59827 0.0864325471776957 0.262874621826266
"55" 1987 7 5314 "7-9" 59827 0.0888227723268758 0.255754090962275
"56" 1987 8 5047 "7-9" 59827 0.084359904390994 0.255754090962275
"57" 1987 9 4940 "7-9" 59827 0.0825714142444047 0.255754090962275
"58" 1987 10 4783 "10-12" 59827 0.0799471810386615 0.235562538653116
"59" 1987 11 4590 "10-12" 59827 0.0767212128303274 0.235562538653116
"60" 1987 12 4720 "10-12" 59827 0.0788941447841276 0.235562538653116
"61" 1988 1 5047 "1-3" 63316 0.0797112894055215 0.251579379619685
"62" 1988 2 4910 "1-3" 63316 0.0775475393265525 0.251579379619685
"63" 1988 3 5972 "1-3" 63316 0.0943205508876113 0.251579379619685
"64" 1988 4 5623 "4-6" 63316 0.0888085160149093 0.260597637248089
"65" 1988 5 5561 "4-6" 63316 0.0878293006507044 0.260597637248089
"66" 1988 6 5316 "4-6" 63316 0.0839598205824752 0.260597637248089
"67" 1988 7 5217 "7-9" 63316 0.0823962347589867 0.254090593214985
"68" 1988 8 5429 "7-9" 63316 0.0857445195527197 0.254090593214985
"69" 1988 9 5442 "7-9" 63316 0.0859498389032788 0.254090593214985
"70" 1988 10 5076 "10-12" 63316 0.0801693094952303 0.23373238991724
"71" 1988 11 4734 "10-12" 63316 0.0747678311959062 0.23373238991724
"72" 1988 12 4989 "10-12" 63316 0.078795249226104 0.23373238991724
"73" 1989 1 5109 "1-3" 63348 0.0806497442697481 0.245816758224411
"74" 1989 2 4754 "1-3" 63348 0.0750457788722612 0.245816758224411
"75" 1989 3 5709 "1-3" 63348 0.090121235082402 0.245816758224411
"76" 1989 4 5337 "4-6" 63348 0.0842489107785565 0.2523205152491
"77" 1989 5 5386 "4-6" 63348 0.0850224158615899 0.2523205152491
"78" 1989 6 5261 "4-6" 63348 0.0830491886089537 0.2523205152491
"79" 1989 7 5673 "7-9" 63348 0.0895529456336427 0.26158679042748
"80" 1989 8 5551 "7-9" 63348 0.0876270758350698 0.26158679042748
"81" 1989 9 5347 "7-9" 63348 0.0844067689587674 0.26158679042748
"82" 1989 10 5110 "10-12" 63348 0.0806655300877692 0.240275936099009
"83" 1989 11 4921 "10-12" 63348 0.0776820104817832 0.240275936099009
"84" 1989 12 5190 "10-12" 63348 0.0819283955294563 0.240275936099009
"85" 1990 1 5353 "1-3" 65549 0.0816640986132511 0.249721582327724
"86" 1990 2 5058 "1-3" 65549 0.0771636485682467 0.249721582327724
"87" 1990 3 5958 "1-3" 65549 0.0908938351462265 0.249721582327724
"88" 1990 4 5528 "4-6" 65549 0.084333857114525 0.258051228851699
"89" 1990 5 5792 "4-6" 65549 0.0883613785107324 0.258051228851699
"90" 1990 6 5595 "4-6" 65549 0.0853559932264413 0.258051228851699
"91" 1990 7 5674 "7-9" 65549 0.0865611984927306 0.257532532914308
"92" 1990 8 5617 "7-9" 65549 0.0856916200094586 0.257532532914308
"93" 1990 9 5590 "7-9" 65549 0.0852797144121192 0.257532532914308
"94" 1990 10 5312 "10-12" 65549 0.0810386123358098 0.234694655906269
"95" 1990 11 5129 "10-12" 65549 0.0782468077316206 0.234694655906269
"96" 1990 12 4943 "10-12" 65549 0.0754092358388381 0.234694655906269
"97" 1991 1 5390 "1-3" 65395 0.0824222035323802 0.250187323189846
"98" 1991 2 5078 "1-3" 65395 0.0776511965746617 0.250187323189846
"99" 1991 3 5893 "1-3" 65395 0.0901139230828045 0.250187323189846
"100" 1991 4 5813 "4-6" 65395 0.0888905879654408 0.257924917807172
"101" 1991 5 5649 "4-6" 65395 0.0863827509748452 0.257924917807172
"102" 1991 6 5405 "4-6" 65395 0.0826515788668858 0.257924917807172
"103" 1991 7 5685 "7-9" 65395 0.0869332517776588 0.256456915666335
"104" 1991 8 5555 "7-9" 65395 0.0849453322119428 0.256456915666335
"105" 1991 9 5531 "7-9" 65395 0.0845783316767337 0.256456915666335
"106" 1991 10 5227 "10-12" 65395 0.0799296582307516 0.235430843336647
"107" 1991 11 5015 "10-12" 65395 0.0766878201697377 0.235430843336647
"108" 1991 12 5154 "10-12" 65395 0.0788133649361572 0.235430843336647
"109" 1992 1 5360 "1-3" 66731 0.0803224887983096 0.251652155669779
"110" 1992 2 5327 "1-3" 66731 0.0798279660127977 0.251652155669779
"111" 1992 3 6106 "1-3" 66731 0.0915017008586714 0.251652155669779
"112" 1992 4 5925 "4-6" 66731 0.0887893183078329 0.255128800707317
"113" 1992 5 5610 "4-6" 66731 0.0840688735370368 0.255128800707317
"114" 1992 6 5490 "4-6" 66731 0.0822706088624477 0.255128800707317
"115" 1992 7 5860 "7-9" 66731 0.0878152582757639 0.257901125413976
"116" 1992 8 5664 "7-9" 66731 0.0848780926406018 0.257901125413976
"117" 1992 9 5686 "7-9" 66731 0.0852077744976098 0.257901125413976
"118" 1992 10 5394 "10-12" 66731 0.0808319971227765 0.235317918208928
"119" 1992 11 4989 "10-12" 66731 0.0747628538460386 0.235317918208928
"120" 1992 12 5320 "10-12" 66731 0.0797230672401133 0.235317918208928
"121" 1993 1 5417 "1-3" 64826 0.0835621509888008 0.254450374849597
"122" 1993 2 5035 "1-3" 64826 0.0776694536142906 0.254450374849597
"123" 1993 3 6043 "1-3" 64826 0.093218770246506 0.254450374849597
"124" 1993 4 5875 "4-6" 64826 0.0906272174744701 0.266467158238978
"125" 1993 5 5842 "4-6" 64826 0.0901181624656773 0.266467158238978
"126" 1993 6 5557 "4-6" 64826 0.0857217782988307 0.266467158238978
"127" 1993 7 5674 "7-9" 64826 0.0875266096936414 0.253216302101009
"128" 1993 8 5377 "7-9" 64826 0.0829451146145065 0.253216302101009
"129" 1993 9 5364 "7-9" 64826 0.0827445777928609 0.253216302101009
"130" 1993 10 4965 "10-12" 64826 0.0765896399592756 0.225866164810416
"131" 1993 11 4773 "10-12" 64826 0.0736278653626631 0.225866164810416
"132" 1993 12 4904 "10-12" 64826 0.0756486594884768 0.225866164810416
"133" 1994 1 5136 "1-3" 65231 0.0787355705109534 0.246615872821205
"134" 1994 2 5048 "1-3" 65231 0.0773865186797688 0.246615872821205
"135" 1994 3 5903 "1-3" 65231 0.0904937836304824 0.246615872821205
"136" 1994 4 5789 "4-6" 65231 0.0887461483037206 0.264015575416596
"137" 1994 5 5685 "4-6" 65231 0.0871518143214116 0.264015575416596
"138" 1994 6 5748 "4-6" 65231 0.0881176127914642 0.264015575416596
"139" 1994 7 5622 "7-9" 65231 0.086186015851359 0.252916558078214
"140" 1994 8 5686 "7-9" 65231 0.0871671444558569 0.252916558078214
"141" 1994 9 5190 "7-9" 65231 0.0795633977709985 0.252916558078214
"142" 1994 10 5239 "10-12" 65231 0.0803145743588171 0.236451993683985
"143" 1994 11 5057 "10-12" 65231 0.0775244898897763 0.236451993683985
"144" 1994 12 5128 "10-12" 65231 0.0786129294353912 0.236451993683985
"145" 1995 1 5266 "1-3" 63067 0.0834985015935434 0.255204782215739
"146" 1995 2 5075 "1-3" 63067 0.0804699763743321 0.255204782215739
"147" 1995 3 5754 "1-3" 63067 0.0912363042478634 0.255204782215739
"148" 1995 4 5606 "4-6" 63067 0.0888895936067991 0.26302186563496
"149" 1995 5 5563 "4-6" 63067 0.0882077790286521 0.26302186563496
"150" 1995 6 5419 "4-6" 63067 0.0859244929995085 0.26302186563496
"151" 1995 7 5545 "7-9" 63067 0.0879223682750091 0.254189988425008
"152" 1995 8 5327 "7-9" 63067 0.0844657269253334 0.254189988425008
"153" 1995 9 5159 "7-9" 63067 0.0818018932246658 0.254189988425008
"154" 1995 10 4895 "10-12" 63067 0.0776158688379025 0.227583363724293
"155" 1995 11 4751 "10-12" 63067 0.0753325828087589 0.227583363724293
"156" 1995 12 4707 "10-12" 63067 0.0746349120776317 0.227583363724293
"157" 1996 1 5193 "1-3" 60723 0.0855194901437676 0.251568598389408
"158" 1996 2 4842 "1-3" 60723 0.0797391433229584 0.251568598389408
"159" 1996 3 5241 "1-3" 60723 0.0863099649226817 0.251568598389408
"160" 1996 4 5372 "4-6" 60723 0.0884673023401347 0.261169573308302
"161" 1996 5 5509 "4-6" 60723 0.090723449104952 0.261169573308302
"162" 1996 6 4978 "4-6" 60723 0.0819788218632149 0.261169573308302
"163" 1996 7 5151 "7-9" 60723 0.0848278247122178 0.253198952620918
"164" 1996 8 5136 "7-9" 60723 0.0845808013438071 0.253198952620918
"165" 1996 9 5088 "7-9" 60723 0.083790326564893 0.253198952620918
"166" 1996 10 4887 "10-12" 60723 0.0804802134281903 0.234062875681373
"167" 1996 11 4504 "10-12" 60723 0.0741728834214383 0.234062875681373
"168" 1996 12 4822 "10-12" 60723 0.0794097788317441 0.234062875681373
"169" 1997 1 5135 "1-3" 59329 0.0865512649800266 0.250973385696708
"170" 1997 2 4586 "1-3" 59329 0.0772977801749566 0.250973385696708
"171" 1997 3 5169 "1-3" 59329 0.087124340541725 0.250973385696708
"172" 1997 4 5276 "4-6" 59329 0.0889278430447168 0.263800165180603
"173" 1997 5 5237 "4-6" 59329 0.0882704916651216 0.263800165180603
"174" 1997 6 5138 "4-6" 59329 0.0866018304707647 0.263800165180603
"175" 1997 7 5388 "7-9" 59329 0.0908156213656054 0.259198705523437
"176" 1997 8 5114 "7-9" 59329 0.08619730654486 0.259198705523437
"177" 1997 9 4876 "7-9" 59329 0.0821857776129717 0.259198705523437
"178" 1997 10 4672 "10-12" 59329 0.0787473242427818 0.226027743599252
"179" 1997 11 4247 "10-12" 59329 0.0715838797215527 0.226027743599252
"180" 1997 12 4491 "10-12" 59329 0.0756965396349172 0.226027743599252
"181" 1998 1 4739 "1-3" 57108 0.0829831197030188 0.244011346921622
"182" 1998 2 4233 "1-3" 57108 0.0741227148560622 0.244011346921622
"183" 1998 3 4963 "1-3" 57108 0.0869055123625412 0.244011346921622
"184" 1998 4 4958 "4-6" 57108 0.0868179589549625 0.256356377390208
"185" 1998 5 4753 "4-6" 57108 0.083228269244239 0.256356377390208
"186" 1998 6 4929 "4-6" 57108 0.0863101491910065 0.256356377390208
"187" 1998 7 5259 "7-9" 57108 0.0920886740911956 0.266477551306297
"188" 1998 8 4910 "7-9" 57108 0.0859774462422078 0.266477551306297
"189" 1998 9 5049 "7-9" 57108 0.0884114309728935 0.266477551306297
"190" 1998 10 4722 "10-12" 57108 0.0826854381172515 0.233154724381873
"191" 1998 11 4356 "10-12" 57108 0.0762765286824963 0.233154724381873
"192" 1998 12 4237 "10-12" 57108 0.0741927575821251 0.233154724381873
"193" 1999 1 4646 "1-3" 57574 0.0806961475666099 0.24700385590718
"194" 1999 2 4452 "1-3" 57574 0.0773265710216417 0.24700385590718
"195" 1999 3 5123 "1-3" 57574 0.0889811373189287 0.24700385590718
"196" 1999 4 4907 "4-6" 57574 0.0852294438461806 0.260221627818112
"197" 1999 5 5078 "4-6" 57574 0.0881995345121062 0.260221627818112
"198" 1999 6 4997 "4-6" 57574 0.0867926494598256 0.260221627818112
"199" 1999 7 5217 "7-9" 57574 0.0906138187376246 0.261889047139334
"200" 1999 8 4953 "7-9" 57574 0.0860284156042658 0.261889047139334
"201" 1999 9 4908 "7-9" 57574 0.0852468127974433 0.261889047139334
"202" 1999 10 4552 "10-12" 57574 0.079063466147914 0.230885469135374
"203" 1999 11 4210 "10-12" 57574 0.0731232848160628 0.230885469135374
"204" 1999 12 4531 "10-12" 57574 0.0786987181713968 0.230885469135374
"205" 2000 1 4768 "1-3" 56742 0.0840294667089634 0.250872369673258
"206" 2000 2 4497 "1-3" 56742 0.0792534630432484 0.250872369673258
"207" 2000 3 4970 "1-3" 56742 0.0875894399210461 0.250872369673258
"208" 2000 4 4759 "4-6" 56742 0.0838708540410983 0.257216876387861
"209" 2000 5 5001 "4-6" 56742 0.0881357724436925 0.257216876387861
"210" 2000 6 4835 "4-6" 56742 0.08521024990307 0.257216876387861
"211" 2000 7 5043 "7-9" 56742 0.0888759648937295 0.257111134609284
"212" 2000 8 4853 "7-9" 56742 0.0855274752388002 0.257111134609284
"213" 2000 9 4693 "7-9" 56742 0.0827076944767544 0.257111134609284
"214" 2000 10 4536 "10-12" 56742 0.079940784603997 0.234799619329597
"215" 2000 11 4359 "10-12" 56742 0.0768214021359839 0.234799619329597
"216" 2000 12 4428 "10-12" 56742 0.0780374325896162 0.234799619329597
"217" 2001 1 4805 "1-3" 56189 0.0855149584438235 0.250618448450764
"218" 2001 2 4407 "1-3" 56189 0.0784317215113278 0.250618448450764
"219" 2001 3 4870 "1-3" 56189 0.086671768495613 0.250618448450764
"220" 2001 4 4842 "4-6" 56189 0.0861734503194575 0.258395771414334
"221" 2001 5 4800 "4-6" 56189 0.0854259730552243 0.258395771414334
"222" 2001 6 4877 "4-6" 56189 0.0867963480396519 0.258395771414334
"223" 2001 7 4813 "7-9" 56189 0.0856573350655822 0.256455889942871
"224" 2001 8 4862 "7-9" 56189 0.0865293918738543 0.256455889942871
"225" 2001 9 4735 "7-9" 56189 0.0842691630034348 0.256455889942871
"226" 2001 10 4644 "10-12" 56189 0.0826496289309295 0.23452989019203
"227" 2001 11 4313 "10-12" 56189 0.076758796205663 0.23452989019203
"228" 2001 12 4221 "10-12" 56189 0.0751214650554379 0.23452989019203
"229" 2002 1 4503 "1-3" 55555 0.0810548105481055 0.239006390063901
"230" 2002 2 4168 "1-3" 55555 0.0750247502475025 0.239006390063901
"231" 2002 3 4607 "1-3" 55555 0.0829268292682927 0.239006390063901
"232" 2002 4 4600 "4-6" 55555 0.0828008280082801 0.252758527585276
"233" 2002 5 4795 "4-6" 55555 0.0863108631086311 0.252758527585276
"234" 2002 6 4647 "4-6" 55555 0.0836468364683647 0.252758527585276
"235" 2002 7 4947 "7-9" 55555 0.0890468904689047 0.266636666366664
"236" 2002 8 4986 "7-9" 55555 0.0897488974889749 0.266636666366664
"237" 2002 9 4880 "7-9" 55555 0.0878408784087841 0.266636666366664
"238" 2002 10 4770 "10-12" 55555 0.0858608586085861 0.24159841598416
"239" 2002 11 4265 "10-12" 55555 0.0767707677076771 0.24159841598416
"240" 2002 12 4387 "10-12" 55555 0.0789667896678967 0.24159841598416
"241" 2003 1 4692 "1-3" 56630 0.0828536111601625 0.244199187709695
"242" 2003 2 4230 "1-3" 56630 0.0746953911354406 0.244199187709695
"243" 2003 3 4907 "1-3" 56630 0.0866501854140915 0.244199187709695
"244" 2003 4 4801 "4-6" 56630 0.08477838601448 0.249461416210489
"245" 2003 5 4633 "4-6" 56630 0.0818117605509447 0.249461416210489
"246" 2003 6 4693 "4-6" 56630 0.0828712696450645 0.249461416210489
"247" 2003 7 5136 "7-9" 56630 0.0906939784566484 0.264559420801695
"248" 2003 8 5048 "7-9" 56630 0.0891400317852728 0.264559420801695
"249" 2003 9 4798 "7-9" 56630 0.084725410559774 0.264559420801695
"250" 2003 10 4852 "10-12" 56630 0.0856789687444817 0.241779975278121
"251" 2003 11 4249 "10-12" 56630 0.0750309023485785 0.241779975278121
"252" 2003 12 4591 "10-12" 56630 0.0810701041850609 0.241779975278121
"253" 2004 1 4605 "1-3" 57758 0.0797292150005194 0.248311922157969
"254" 2004 2 4559 "1-3" 57758 0.0789327885314588 0.248311922157969
"255" 2004 3 5178 "1-3" 57758 0.0896499186259912 0.248311922157969
"256" 2004 4 4901 "4-6" 57758 0.0848540461927352 0.250528065376225
"257" 2004 5 4673 "4-6" 57758 0.0809065410852176 0.250528065376225
"258" 2004 6 4896 "4-6" 57758 0.0847674780982721 0.250528065376225
"259" 2004 7 5218 "7-9" 57758 0.090342463381696 0.260691159666193
"260" 2004 8 5064 "7-9" 57758 0.0876761660722324 0.260691159666193
"261" 2004 9 4775 "7-9" 57758 0.082672530212265 0.260691159666193
"262" 2004 10 4703 "10-12" 57758 0.0814259496519963 0.240468852799612
"263" 2004 11 4631 "10-12" 57758 0.0801793690917276 0.240468852799612
"264" 2004 12 4555 "10-12" 57758 0.0788635340558884 0.240468852799612
"265" 2005 1 4783 "1-3" 57745 0.0828296822235691 0.242497185903541
"266" 2005 2 4311 "1-3" 57745 0.0746558143562213 0.242497185903541
"267" 2005 3 4909 "1-3" 57745 0.085011689323751 0.242497185903541
"268" 2005 4 4878 "4-6" 57745 0.0844748463070396 0.254273097237856
"269" 2005 5 4964 "4-6" 57745 0.085964152740497 0.254273097237856
"270" 2005 6 4841 "4-6" 57745 0.0838340981903195 0.254273097237856
"271" 2005 7 5070 "7-9" 57745 0.0877998095073167 0.263434063555286
"272" 2005 8 5151 "7-9" 57745 0.0892025283574335 0.263434063555286
"273" 2005 9 4991 "7-9" 57745 0.086431725690536 0.263434063555286
"274" 2005 10 4792 "10-12" 57745 0.0829855398735821 0.239795653303316
"275" 2005 11 4438 "10-12" 57745 0.0768551389730713 0.239795653303316
"276" 2005 12 4617 "10-12" 57745 0.0799549744566629 0.239795653303316
"277" 2006 1 4868 "1-3" 58840 0.0827328348062542 0.249065261726717
"278" 2006 2 4617 "1-3" 58840 0.0784670292318151 0.249065261726717
"279" 2006 3 5170 "1-3" 58840 0.0878653976886472 0.249065261726717
"280" 2006 4 4914 "4-6" 58840 0.0835146159075459 0.253942895989123
"281" 2006 5 4999 "4-6" 58840 0.0849592114208022 0.253942895989123
"282" 2006 6 5029 "4-6" 58840 0.085469068660775 0.253942895989123
"283" 2006 7 5037 "7-9" 58840 0.0856050305914344 0.257970768184908
"284" 2006 8 5167 "7-9" 58840 0.0878144119646499 0.257970768184908
"285" 2006 9 4975 "7-9" 58840 0.0845513256288239 0.257970768184908
"286" 2006 10 4899 "10-12" 58840 0.0832596872875595 0.239021074099252
"287" 2006 11 4686 "10-12" 58840 0.0796397008837526 0.239021074099252
"288" 2006 12 4479 "10-12" 58840 0.0761216859279402 0.239021074099252
"289" 2007 1 5009 "1-3" 58729 0.0852900611282331 0.247799213335831
"290" 2007 2 4465 "1-3" 58729 0.0760271756713038 0.247799213335831
"291" 2007 3 5079 "1-3" 58729 0.0864819765362938 0.247799213335831
"292" 2007 4 4906 "4-6" 58729 0.0835362427420865 0.254712322702583
"293" 2007 5 5175 "4-6" 58729 0.0881166033816343 0.254712322702583
"294" 2007 6 4878 "4-6" 58729 0.0830594765788622 0.254712322702583
"295" 2007 7 5049 "7-9" 58729 0.0859711556471249 0.258151850022987
"296" 2007 8 5191 "7-9" 58729 0.088389041189191 0.258151850022987
"297" 2007 9 4921 "7-9" 58729 0.083791653186671 0.258151850022987
"298" 2007 10 4886 "10-12" 58729 0.0831956954826406 0.239336613938599
"299" 2007 11 4598 "10-12" 58729 0.0782918149466192 0.239336613938599
"300" 2007 12 4572 "10-12" 58729 0.0778491035093395 0.239336613938599
"301" 2008 1 5024 "1-3" 59530 0.0843944229800101 0.251234671594154
"302" 2008 2 4837 "1-3" 59530 0.0812531496724341 0.251234671594154
"303" 2008 3 5095 "1-3" 59530 0.0855870989417101 0.251234671594154
"304" 2008 4 5034 "4-6" 59530 0.084562405509827 0.25188980346044
"305" 2008 5 4981 "4-6" 59530 0.0836720981017974 0.25188980346044
"306" 2008 6 4980 "4-6" 59530 0.0836552998488157 0.25188980346044
"307" 2008 7 5258 "7-9" 59530 0.0883252141777255 0.258894674953805
"308" 2008 8 5123 "7-9" 59530 0.0860574500251974 0.258894674953805
"309" 2008 9 5031 "7-9" 59530 0.0845120107508819 0.258894674953805
"310" 2008 10 5002 "10-12" 59530 0.0840248614144129 0.237980849991601
"311" 2008 11 4604 "10-12" 59530 0.0773391567277003 0.237980849991601
"312" 2008 12 4561 "10-12" 59530 0.0766168318494877 0.237980849991601
"313" 2009 1 5040 "1-3" 60430 0.0834022836339566 0.244779083236803
"314" 2009 2 4568 "1-3" 60430 0.075591593579348 0.244779083236803
"315" 2009 3 5184 "1-3" 60430 0.0857852060234983 0.244779083236803
"316" 2009 4 5113 "4-6" 60430 0.084610292900877 0.252953830878703
"317" 2009 5 5052 "4-6" 60430 0.0836008604997518 0.252953830878703
"318" 2009 6 5121 "4-6" 60430 0.0847426774780738 0.252953830878703
"319" 2009 7 5327 "7-9" 60430 0.0881515803408903 0.261128578520602
"320" 2009 8 5323 "7-9" 60430 0.0880853880522919 0.261128578520602
"321" 2009 9 5130 "7-9" 60430 0.0848916101274202 0.261128578520602
"322" 2009 10 5002 "10-12" 60430 0.0827734568922721 0.241138507363892
"323" 2009 11 4722 "10-12" 60430 0.0781399966903856 0.241138507363892
"324" 2009 12 4848 "10-12" 60430 0.0802250537812345 0.241138507363892
"325" 2010 1 5007 "1-3" 60980 0.0821088881600525 0.246589045588718
"326" 2010 2 4733 "1-3" 60980 0.0776156116759593 0.246589045588718
"327" 2010 3 5297 "1-3" 60980 0.0868645457527058 0.246589045588718
"328" 2010 4 4956 "4-6" 60980 0.0812725483765169 0.248638897999344
"329" 2010 5 5095 "4-6" 60980 0.0835519842571335 0.248638897999344
"330" 2010 6 5111 "4-6" 60980 0.0838143653656937 0.248638897999344
"331" 2010 7 5441 "7-9" 60980 0.0892259757297475 0.262266316825189
"332" 2010 8 5272 "7-9" 60980 0.0864545752705805 0.262266316825189
"333" 2010 9 5280 "7-9" 60980 0.0865857658248606 0.262266316825189
"334" 2010 10 5251 "10-12" 60980 0.0861102000655953 0.24250573958675
"335" 2010 11 4716 "10-12" 60980 0.0773368317481141 0.24250573958675
"336" 2010 12 4821 "10-12" 60980 0.0790587077730403 0.24250573958675
"337" 2011 1 5070 "1-3" 59961 0.0845549607244709 0.245726388819399
"338" 2011 2 4592 "1-3" 59961 0.076583112356365 0.245726388819399
"339" 2011 3 5072 "1-3" 59961 0.0845883157385634 0.245726388819399
"340" 2011 4 4790 "4-6" 59961 0.0798852587515218 0.249128600256834
"341" 2011 5 5091 "4-6" 59961 0.0849051883724421 0.249128600256834
"342" 2011 6 5057 "4-6" 59961 0.0843381531328697 0.249128600256834
"343" 2011 7 5309 "7-9" 59961 0.0885408849085239 0.267123630359734
"344" 2011 8 5434 "7-9" 59961 0.0906255732893047 0.267123630359734
"345" 2011 9 5274 "7-9" 59961 0.0879571721619052 0.267123630359734
"346" 2011 10 4888 "10-12" 59961 0.081519654442054 0.238021380564033
"347" 2011 11 4803 "10-12" 59961 0.080102066343123 0.238021380564033
"348" 2011 12 4581 "10-12" 59961 0.0763996597788563 0.238021380564033
"349" 2012 1 4991 "1-3" 59493 0.0838922226144252 0.248331736506816
"350" 2012 2 4722 "1-3" 59493 0.0793706822651404 0.248331736506816
"351" 2012 3 5061 "1-3" 59493 0.0850688316272503 0.248331736506816
"352" 2012 4 4822 "4-6" 59493 0.0810515522834619 0.249978989124771
"353" 2012 5 5003 "4-6" 59493 0.0840939270166238 0.249978989124771
"354" 2012 6 5047 "4-6" 59493 0.0848335098246853 0.249978989124771
"355" 2012 7 5384 "7-9" 59493 0.0904980417864287 0.264938732287832
"356" 2012 8 5388 "7-9" 59493 0.0905652765871615 0.264938732287832
"357" 2012 9 4990 "7-9" 59493 0.083875413914242 0.264938732287832
"358" 2012 10 4832 "10-12" 59493 0.0812196392852941 0.236750542080581
"359" 2012 11 4769 "10-12" 59493 0.0801606911737515 0.236750542080581
"360" 2012 12 4484 "10-12" 59493 0.0753702116215353 0.236750542080581
"361" 2013 1 4837 "1-3" 58134 0.0832043210513641 0.245467368493481
"362" 2013 2 4463 "1-3" 58134 0.0767709085904978 0.245467368493481
"363" 2013 3 4970 "1-3" 58134 0.0854921388516187 0.245467368493481
"364" 2013 4 4840 "4-6" 58134 0.0832559259641518 0.253208105411635
"365" 2013 5 5014 "4-6" 58134 0.0862490109058382 0.253208105411635
"366" 2013 6 4866 "4-6" 58134 0.0837031685416452 0.253208105411635
"367" 2013 7 5247 "7-9" 58134 0.0902569924656827 0.265008428802422
"368" 2013 8 5134 "7-9" 58134 0.0883132074173461 0.265008428802422
"369" 2013 9 5025 "7-9" 58134 0.0864382289193931 0.265008428802422
"370" 2013 10 4987 "10-12" 58134 0.085784566690749 0.236316097292462
"371" 2013 11 4400 "10-12" 58134 0.0756872054219562 0.236316097292462
"372" 2013 12 4351 "10-12" 58134 0.0748443251797571 0.236316097292462
"373" 2014 1 4800 "1-3" 57232 0.0838691641039978 0.243552558009505
"374" 2014 2 4333 "1-3" 57232 0.0757093933463796 0.243552558009505
"375" 2014 3 4806 "1-3" 57232 0.0839740005591278 0.243552558009505
"376" 2014 4 4683 "4-6" 57232 0.0818248532289628 0.25440313111546
"377" 2014 5 4997 "4-6" 57232 0.087311294380766 0.25440313111546
"378" 2014 6 4880 "4-6" 57232 0.0852669835057311 0.25440313111546
"379" 2014 7 5227 "7-9" 57232 0.0913300251607492 0.268101761252446
"380" 2014 8 5052 "7-9" 57232 0.0882722952194576 0.268101761252446
"381" 2014 9 5065 "7-9" 57232 0.0884994408722393 0.268101761252446
"382" 2014 10 4781 "10-12" 57232 0.0835371819960861 0.233942549622589
"383" 2014 11 4232 "10-12" 57232 0.0739446463516914 0.233942549622589
"384" 2014 12 4376 "10-12" 57232 0.0764607212748113 0.233942549622589
"385" 2015 1 4659 "1-3" 55472 0.0839883184309201 0.242843236227286
"386" 2015 2 4209 "1-3" 55472 0.0758761176809922 0.242843236227286
"387" 2015 3 4603 "1-3" 55472 0.0829788001153735 0.242843236227286
"388" 2015 4 4629 "4-6" 55472 0.0834475050475916 0.251622440149986
"389" 2015 5 4633 "4-6" 55472 0.083519613498702 0.251622440149986
"390" 2015 6 4696 "4-6" 55472 0.0846553216036919 0.251622440149986
"391" 2015 7 5010 "7-9" 55472 0.0903158350158639 0.264061147966542
"392" 2015 8 4882 "7-9" 55472 0.0880083645803288 0.264061147966542
"393" 2015 9 4756 "7-9" 55472 0.085736948370349 0.264061147966542
"394" 2015 10 4615 "10-12" 55472 0.0831951254687049 0.241473175656187
"395" 2015 11 4500 "10-12" 55472 0.0811220074992789 0.241473175656187
"396" 2015 12 4280 "10-12" 55472 0.0771560426882031 0.241473175656187
"397" 2016 1 4416 "1-3" 52814 0.0836141932063468 0.246961033059416
"398" 2016 2 4094 "1-3" 52814 0.0775173249517173 0.246961033059416
"399" 2016 3 4533 "1-3" 52814 0.0858295149013519 0.246961033059416
"400" 2016 4 4458 "4-6" 52814 0.0844094368917332 0.257261332222517
"401" 2016 5 4622 "4-6" 52814 0.0875146741394327 0.257261332222517
"402" 2016 6 4507 "4-6" 52814 0.0853372211913508 0.257261332222517
"403" 2016 7 4619 "7-9" 52814 0.087457871019048 0.264134509789071
"404" 2016 8 4727 "7-9" 52814 0.0895027833528989 0.264134509789071
"405" 2016 9 4604 "7-9" 52814 0.0871738554171242 0.264134509789071
"406" 2016 10 4411 "10-12" 52814 0.0835195213390389 0.231643124928996
"407" 2016 11 3984 "10-12" 52814 0.0754345438709433 0.231643124928996
"408" 2016 12 3839 "10-12" 52814 0.0726890597190139 0.231643124928996
